10600001
10600002
10600003
10600004
10600005
10600006
10600007
10600008
10600009
10600010
10600011
10600012
10600013
10600014
10600015
10600016
10600017
10600018
10600019
10600020
10600021
10600022
10600023
10600024
10600025
10600026
10600027
10600028
10600029
10600030
10600031
10600032
10600033
10600034
10600035
10600036
10600037
10600038
10600039
10600040
10600041
10600042
10600043
10600044
10600045
10600046
10600047
10600048
10600049
10600050
10600051
10600052
10600053
10600054
10600055
10600056
10600057
10600058
10600059
10600060
10600061
10600062
10600063
10600064
10600065
10600066
10600067
10600068
10600069
10600070
10600071
10600072
10600073
10600074
10600075
10600076
10600077
10600078
10600079
10600080
10600081
10600082
10600083
10600084
10600085
10600086
10600087
10600088
10600089
10600090
10600091
10600092
10600093
10600094
10600095
10600096
10600097
10600098
10600099
10600100
10600101
10600102
10600103
10600104
10600105
10600106
10600107
10600108
10600109
10600110
10600111
10600112
10600113
10600114
10600115
10600116
10600117
10600118
10600119
10600120
10600121
10600122
10600123
10600124
10600125
10600126
10600127
10600128
10600129
10600130
10600131
10600132
10600133
10600134